commitment: CompressedRistretto: [72, 125, 45, 60, 236, 107, 158, 152, 15, 62, 62, 235, 12, 241, 219, 239, 133, 145, 39, 141, 15, 154, 10, 247, 37, 242, 182, 184, 163, 222, 85, 3]
commitment (decompressed): Some(RistrettoPoint: coset 
EdwardsPoint{
	X: FieldElement51([801670850701402, 1840388722725272, 1429911238103558, 1078164637848450, 2141212525202831]),
	Y: FieldElement51([559440451417313, 1868057072799124, 1080677746306349, 1514972903986515, 1047823561544665]),
	Z: FieldElement51([1, 0, 0, 0, 0]),
	T: FieldElement51([1820257177967796, 920605293535136, 2141685620169295, 1603480365431334, 1546077254637677])
}
EdwardsPoint{
	X: FieldElement51([1507186424509259, 2142630595036237, 1094246653679960, 2164127642123665, 284714783673188]),
	Y: FieldElement51([330389911876505, 2111446566556168, 1226222488447433, 1583333928457802, 752189834427080]),
	Z: FieldElement51([2251799813685233, 2251799813685247, 2251799813685247, 2251799813685247, 2251799813685247]),
	T: FieldElement51([1726170542869751, 821178453229948, 440456774063810, 341477979330404, 571090422505033])
}
EdwardsPoint{
	X: FieldElement51([1296916224564812, 1645644363839902, 1035754488641508, 190941075976693, 442349153929666]),
	Y: FieldElement51([14038008015958, 1534970963544495, 180888642145096, 695507825109682, 312305381191833]),
	Z: FieldElement51([2251799813685233, 2251799813685247, 2251799813685247, 2251799813685247, 2251799813685247]),
	T: FieldElement51([525629270815478, 1430621360455299, 1811343039621437, 1910321834354843, 1680709391180214])
}
EdwardsPoint{
	X: FieldElement51([744613389175970, 109169218649010, 1157553160005287, 87672171561582, 1967085030012059]),
	Y: FieldElement51([1921409901808724, 140353247129079, 1025577325237814, 668465885227445, 1499609979258167]),
	Z: FieldElement51([2251799813685233, 2251799813685247, 2251799813685247, 2251799813685247, 2251799813685247]),
	T: FieldElement51([1726170542869751, 821178453229948, 440456774063810, 341477979330404, 571090422505033])
})